202
172 10
94827 30433 59860 40484 9363 42999 78037 27524 31032 70045
94 10
10541 50346 20853 30997 55136 87974 25513 77339 63335 49421
56 15
73146 80656 41258 1975 38063 50165 98966 10723 41616 44576 73709 28047 23611 84270 5487
165 19
57068 78600 71402 76135 88798 37089 28355 77458 33518 82111 56855 78531 70232 91426 29967 77356 6338 81958 51720
148 20
20919 74244 38119 24662 95553 78251 29002 31811 48041 39506 62178 19015 73136 80395 1799 27152 87691 54912 36932 58781
163 11
56471 43547 66424 99041 49186 4420 27393 16713 36018 18620 10060
14 16
70476 27676 79169 92796 12947 46235 7166 55357 33620 57106 10793 24976 86966 36842 42278 29824
7 20
70688 87022 37092 40419 79184 27984 90821 50744 84296 21142 37050 17095 47086 32082 22656 63360 95812 71696 37266 12603
101 16
16959 70616 73147 69032 54173 95514 40385 32249 77210 43781 34930 78088 18985 58595 25582 20446
27 11
6037 60997 47183 26450 31660 68826 16616 4210 62977 28774 60124
3 14
23414 43193 92770 93556 6008 28715 73436 1441 68679 49233 19769 54205 4982 75988
154 14
92325 79976 70841 5007 75769 85080 60864 63052 21049 61596 67699 53038 81495 42915
78 15
25169 51814 20552 53971 74517 6719 43271 17734 25401 14333 54051 12249 7306 5862 53839
159 17
95085 38822 74531 34480 42404 77305 5647 17971 41696 33318 69649 28313 2286 17575 75694 1475 75567
127 17
9848 11703 57584 38728 36716 38323 61255 39249 18764 10965 59620 94790 58210 53975 18172 20962 77830
63 17
63248 23223 21716 55968 57221 30165 93113 88126 77140 34920 25965 33416 25008 28879 92940 16242 45240
192 19
92427 75505 76387 842 53954 12389 31362 62194 82040 13411 98221 35813 96130 19879 90510 3792 50754 43949 8270
111 14
40466 20320 78382 70445 61427 79430 8792 1559 1692 38153 97759 15253 55457 45472
89 20
82939 74429 32438 72941 28626 19047 98228 43448 72340 39105 70486 75415 19252 44708 18455 93351 88628 5836 29904 66447
36 20
46868 77963 63319 35593 99914 19921 2357 59274 73880 99462 95899 38217 30060 26656 18738 25237 43003 89878 78426 26631
86 20
49254 25588 7112 92133 40976 72443 99786 85049 42084 41539 62817 62883 96175 16121 3767 47605 7957 43935 36423 10795
67 20
38474 56251 17819 13875 10379 8420 96609 80138 53171 19160 97315 66461 97380 78606 23088 3776 29957 43532 43389 70823
76 17
46769 95928 54818 1634 77142 66622 98446 67143 7302 71229 42055 81635 36898 21821 19617 91509 99304
45 19
98809 5047 57568 98282 58149 93604 48991 20500 70497 54179 64975 21814 48669 75469 85937 74095 26758 4932 10583
170 14
57246 31028 24541 51364 80726 41142 22060 66916 38329 258 74964 86734 91849 83588
109 17
36814 96201 78690 36017 31234 99720 10753 6688 28527 73208 1127 6005 14563 53431 44771 83469 80047
81 12
36541 13133 10508 84897 83633 50496 62136 44840 40496 31915 50891 46586
24 20
37301 44558 480 264 33209 88984 68370 77741 62132 17724 47774 1864 90615 67938 51615 46741 29104 38835 79114 46348
53 11
27198 60488 61098 45897 19871 2478 67042 56156 70968 42293 1061
95 16
28427 12691 13609 56045 40182 7894 58970 33411 19764 73754 18287 60413 82406 39472 8874 50831
72 19
86298 11162 91784 46450 59615 4881 4102 91093 38635 78903 17698 60433 52737 63639 16099 54942 89314 48253 12452
51 15
7612 84968 30233 56863 86536 21756 29380 45737 24139 46326 94821 41132 44207 1232 80425
145 13
8761 11501 43739 2947 18171 34266 17911 91336 28599 17792 10017 83509 42861
79 13
40712 3069 9743 75224 92238 81522 15601 34003 20294 17409 95827 68010 5547
41 14
45821 48005 55220 7546 98655 81687 3373 94664 23935 14650 48148 96798 86914 12876
182 13
48312 98462 35894 84912 59234 43591 52557 68537 49280 32343 60370 23714 39468
174 16
3230 41936 48836 49199 93915 18357 54250 7451 17473 2601 56952 87113 22431 69983 57313 12827
160 16
91727 41226 25390 3242 11618 77017 27664 90695 8044 18127 12217 95331 97339 48510 51145 71889
1 19
81515 4989 30294 54693 89494 50324 36109 94334 64718 4770 32904 43193 88985 57868 22277 13706 26185 75323 51943
2 18
81548 70281 16023 29805 96619 2833 95109 70856 85500 35387 99122 9041 88815 81874 11192 7100 59105 86566
104 18
71482 465 29800 40195 25130 4844 10565 57272 1385 8280 33150 25835 91304 44000 34586 8094 99872 22166
114 19
50222 29038 32683 83346 14525 74510 59624 55582 88823 95957 54042 88592 8251 92495 14111 41848 7639 90368 98444
187 12
83417 2104 20996 16673 14574 37435 65305 71418 8958 89318 90225 1131
25 13
28562 87370 87786 16523 60620 79583 8959 26816 31263 69060 97951 14449 5898
349 20
83215 93253 49971 59352 17897 97265 55168 20469 92378 64201 71808 73350 39545 87536 56492 99807 18167 34171 10212 45706
168 13
52171 45973 29298 28552 63287 2077 14881 58465 70949 20639 92582 36460 83448
113 15
44803 54612 35056 75868 9627 2276 90830 8503 30326 42133 16236 93279 68216 77780 49465
40 18
54496 71595 48977 35481 36966 18317 74784 2214 67314 54819 80961 72243 2068 96238 56150 55044 32351 10041
171 18
96480 25686 46997 96439 19756 33601 28062 76712 98551 77844 83172 52473 1041 6770 14190 8249 43211 93834
91 12
65828 38927 64959 94831 23080 71046 88836 55882 45233 70086 4615 62289
129 20
79097 72361 57394 36695 41535 60713 46338 1657 6860 33848 354 72054 80185 21181 64007 37171 99552 25020 38127 3088
122 10
89613 13385 70053 12344 55902 22078 78834 98090 47800 37843
205 18
81965 22789 89409 38482 48013 54398 59987 28752 35266 66489 64997 15899 17610 85922 5036 8895 36301 67607
52 19
79233 81132 58568 66143 42359 78912 18026 69736 83658 97618 36808 79254 82886 58885 99295 27381 97294 81158 47297
157 10
37367 93822 76461 38214 50132 28513 78510 54386 54832 82967
162 20
53455 63503 63258 5420 57419 20399 82818 79103 57452 89108 57980 21451 25561 77681 80156 68616 12791 36736 3232 71675
47 14
56843 27863 2269 73541 40678 82166 88949 31594 75264 13417 20888 37406 98468 13740
20 18
46404 21904 82710 70902 92494 79689 37314 54112 99671 56269 6642 83263 45286 54544 17453 68344 60514 88220
21 11
81905 35891 3458 68435 90246 49514 12190 26628 64318 47189 12966
60 18
56812 69273 48671 59363 8637 46319 17013 5746 72477 40806 52034 70657 49316 5240 28871 94087 83752 82467
120 13
56191 49381 27146 49199 65040 75512 87492 66258 75355 86511 91445 12429 75472
26 11
89591 79353 31193 38644 36834 33647 18513 28825 57812 55793 21296
19 20
10987 33832 15417 2596 53043 77516 54031 41297 289 84845 82303 45938 84320 57153 50289 34109 31923 62074 53181 59697
11 18
70210 27005 29132 97198 46556 36879 51837 67649 38257 58221 83794 73881 82602 77382 74826 4869 87231 8607
73 11
22148 76043 61346 82289 88601 20938 92750 79103 30379 78262 69928
71 11
70663 65594 62816 40430 75318 39726 75600 6349 85486 74881 48167
125 19
13083 38475 35507 36357 98081 33912 27867 24555 52647 17310 25834 11494 24320 42699 5506 61022 45043 11431 656
156 11
1251 36043 47307 46885 73296 15885 13469 65197 54977 20438 42859
105 16
64936 52938 94910 88984 10607 68037 24002 45152 48768 44148 51447 55294 86995 26600 78249 95504
133 18
33861 12199 86155 12428 84646 55070 45686 10438 49987 78260 33453 7565 80314 21351 87782 74057 91673 82122
96 10
23281 64405 89929 18674 75670 70781 17801 47636 98580 28444
140 15
2293 81310 52687 81907 38144 48853 15021 63228 52046 38510 69001 10582 70493 49928 89909
29 18
69534 99675 68449 80009 33042 12708 80532 93750 77682 55674 77350 33336 97733 68691 50056 69361 23600 66311
90 18
1478 95653 65404 30424 52541 74876 9142 37417 37135 20587 84496 40872 23367 83735 47964 72951 64411 95721
84 14
90880 90842 90543 71298 33692 41018 18411 37440 37438 45810 82077 18348 82737 58794
33 13
79505 65864 34019 52455 67446 21653 30297 37618 68835 16578 14856 92382 69331
118 12
64898 68736 35787 38829 11010 30661 25685 12280 82617 10454 53367 37300
175 14
77880 11424 99355 62114 74652 4931 36466 87982 99140 91350 30966 95975 91584 75429
100 12
29372 32900 73596 31311 25238 67960 97288 20998 74537 67697 71020 36106
178 14
95541 48325 24744 37052 52494 30541 67149 15008 68949 20627 22363 7805 35873 15696
48 13
58936 35013 97064 54540 25194 18532 60186 23765 20457 83383 67080 22992 36919
128 20
1909 24791 39851 12263 5254 37425 76845 25020 64844 70280 59641 3846 23700 52782 91524 61270 80845 65396 75475 97901
85 16
83166 88729 53643 53981 86169 89512 59997 70641 19037 77360 92115 31742 64587 6616 15863 94608
167 19
62572 72109 45177 456 19274 36303 3846 15259 80055 9431 28225 82163 35985 60871 91886 57990 53815 18981 81155
59 11
67259 31352 26167 31042 31296 87610 11293 50747 93898 25403 92948
190 16
892 47540 47240 8471 92682 13152 72815 79368 40913 74195 38946 22827 385 31629 467 43926
4 12
84490 16808 14116 88055 7521 24927 7431 75782 89089 50423 3437 39112
46 12
70560 32725 1130 2364 10254 74102 91066 96398 49565 86148 17495 60840
6 15
2535 46 47182 40065 7756 32000 27899 27549 76032 8469 78614 1006 92011 52588 76192
126 13
81361 66217 89595 60661 78172 52847 80097 82184 26235 80486 25398 28788 60367
191 12
96170 29405 81370 13430 90844 6969 18918 51104 9025 20994 65917 68432
166 14
8073 13328 56389 80126 96961 89617 45485 40694 99042 87242 94813 41074 91924 48163
30 10
8490 79533 56455 38354 77688 60328 82894 2933 18368 20501
31 14
82457 93376 76529 41476 17547 27105 13425 22987 81525 79809 51917 72520 62359 54387
34 15
88521 58167 66243 6351 37051 34868 89682 83619 94768 97750 95869 27800 22903 78776 54026
184 19
31799 71043 56326 29786 33542 41179 64993 33146 34924 80850 19888 40236 30330 66491 33259 87278 69535 21874 98043
137 10
49521 32272 45131 98310 4851 50676 57414 5902 34194 98244
143 13
2562 66255 13638 83523 66161 5193 49036 12602 60993 39825 77545 279 52677
42 15
64401 29654 83940 4919 93173 5504 8725 72038 89954 27005 75467 10211 75269 37126 65467
49 16
85191 11201 50600 99402 88974 70836 40180 88738 81299 79071 26234 35301 54114 26899 91945 3282
5 16
48874 83777 14459 30091 69906 47081 62891 86009 41431 85820 32713 98759 31929 70553 90613 34776
155 15
78110 20637 65765 401 93499 95233 56899 41601 23530 77765 74994 35375 40826 86273 9061
115 10
15264 5443 55235 99249 76397 60419 50746 96238 44635 58775
97 17
245 2920 38272 66523 43486 58859 68520 7252 51358 23593 47920 89792 51506 99357 82800 27478 17919
44 10
44184 47089 42450 68663 55186 99995 42293 70619 5774 41077
23 15
41636 79922 37676 21213 33589 51430 74428 26317 22914 98955 89639 33117 26113 47054 30360
35 10
7718 23008 38402 39949 34846 16035 52920 45746 17816 14697
12 13
4986 20226 37212 45929 14869 23189 42296 74644 16384 19620 3072 79461 34570
176 13
517 73924 16357 19115 85538 52991 2223 10945 71113 28722 13606 16998 80255
186 16
71948 95871 35534 23306 9144 59043 9510 20557 94298 38500 8967 88442 58615 62546 85818 21969
193 16
39433 14292 52786 33768 24075 15259 62625 33772 96349 82723 1573 98527 77694 23224 9885 5101
15 14
1051 17740 8913 17745 29618 81548 12330 21436 34990 83108 97244 2196 23394 59740
147 19
25669 55169 37483 37898 22178 37740 77014 88118 35845 52718 73296 63425 94927 68662 85475 14550 10586 53926 19749
54 16
50638 97254 30585 25896 81349 72890 52778 1443 49211 66803 16396 84312 13920 67037 42403 24468
124 20
95809 14797 61355 24621 27245 42217 22781 72008 15396 19998 90452 98554 59965 85089 1761 50535 24050 15639 73992 14060
55 20
88101 52714 12794 462 13647 30930 54182 26334 2612 2172 86566 34149 49673 37240 95128 68662 44334 88825 79878 30150
141 10
21027 84401 37098 11061 42032 1616 33554 52135 27534 61373
198 13
3333 37953 42091 40934 38878 36870 9872 64023 11316 79943 86139 46140 19029
70 10
64567 9993 26928 83527 76432 23731 31812 6291 71576 29436
65 14
57220 36630 38511 90454 21926 4722 44760 38890 59303 24590 18896 57130 53992 17981
161 14
94943 47263 49448 79211 45777 45963 45419 81376 7448 51466 58092 98195 96465 46570
185 20
1563 8286 59268 20578 23886 51679 31531 66884 42303 68514 54999 22544 23847 1773 18316 23743 25879 34603 8393 92716
136 20
98607 58009 59705 40032 62274 59229 44802 89139 26421 96918 71630 13761 56992 80739 82340 30890 13762 91654 43787 77442
62 13
32276 55153 50167 33960 74295 65506 24209 19676 34883 50224 88391 25446 38034
93 13
84902 66888 96941 75812 35757 15573 99230 65081 24351 75406 28596 27779 4096
119 10
14639 88914 86752 59319 91944 54033 76328 40858 91459 72291
83 15
83179 31628 20825 73003 80483 41578 43912 85294 72666 13463 96069 65409 68141 28287 17989
194 16
28497 89950 70160 43425 9573 74088 82197 34945 66598 86222 25795 87105 49854 12702 64388 30774
28 16
78067 90587 73030 4431 89282 93781 97303 15591 6372 95507 31037 60398 4816 3516 85083 8020
149 16
70882 95315 37295 13717 98219 91683 99669 23806 165 4532 21703 33639 92056 72293 18366 59973
58 15
86222 76612 82981 94469 20337 73007 29746 38991 17962 45516 92131 4043 26116 54095 44540
17 11
55850 96442 72496 44591 260 45853 7594 51970 16957 25571 29228
188 14
44499 84319 82222 6047 85832 98908 81597 47202 84003 89969 77152 79917 20310 85481
13 16
292 92709 33975 90680 54831 84405 14748 65060 25167 19001 59458 46105 34910 80593 80223 22579
183 17
57239 58566 88463 43021 24770 65872 12614 11152 95173 49796 16414 22382 11397 83777 21933 13504 69806
18 14
52255 52395 64396 80302 69057 35169 74125 98878 56601 55842 75224 74997 29586 73308
158 20
37704 24685 18337 59994 40916 74345 93386 40091 18840 7136 51773 80158 41869 29961 56358 59124 9689 76297 54957 46500
102 16
85069 52354 99980 35456 53568 35003 79514 7711 19152 19046 11885 14504 53312 98603 8585 98585
116 12
90103 17844 1333 73207 39838 17924 36649 87578 20463 44003 35172 90934
75 12
80304 65236 28823 45665 90752 22522 19632 43652 72551 92243 28878 43815
87 17
27257 25699 44709 78681 98047 71808 2467 50480 50554 34907 5534 85988 41079 98751 57561 21592 28830
39 10
42324 70955 83488 52877 80241 75554 40361 81581 6160 51883
220 19
16920 27476 48577 813 42679 58268 33342 18369 15813 79410 37332 92984 90127 80199 19587 51537 69313 53737 17440
0 13
94356 4346 94192 6990 45608 45948 82022 91997 1599 96767 88544 70546 30723
138 17
19494 3257 82677 19752 71658 26228 9876 59784 46999 89877 96122 89306 90963 38349 17819 32701 1245
16 18
14484 40720 19163 80933 46212 45060 66289 59477 86246 21273 79317 46573 31044 78933 65538 12081 45051 69365
68 13
94481 66584 10197 85163 5298 31459 79229 73468 8566 33438 57548 35280 62543
74 13
20945 17935 11804 65769 1629 99556 47298 34196 42042 67280 56128 36552 52742
180 20
65750 84541 3243 56086 54866 20863 52970 53633 97815 862 98128 87213 31588 22770 75870 79716 71005 72660 57753 35394
82 18
7065 5893 31572 14052 63147 13415 22224 99404 58931 19844 29937 56986 80234 21704 48886 75523 48471 35441
144 19
81337 431 44290 74147 82951 92868 48185 82815 36936 51871 74125 22337 66224 17601 68050 98171 19783 90129 5168
134 17
67647 403 95907 88870 61847 19313 74298 47633 64887 28793 24980 45846 47729 5737 16075 9886 41101
103 10
37898 76913 71029 69443 46225 5350 97035 3032 46425 45409
177 18
35086 58466 722 41033 58838 45612 74013 63728 38787 56541 56212 32108 24856 95196 859 68856 86060 79625
106 15
35643 91734 58193 6056 69932 27316 3165 41833 13369 23403 48513 20920 59881 55820 30504
66 15
69045 54391 77667 61868 13197 15998 49758 72416 22348 11335 70205 55593 56934 26607 83824
123 17
22966 10348 56091 28135 15639 58430 93122 50208 72176 20738 52104 36267 67345 18576 41563 7972 18185
64 12
60687 25621 60409 49651 67599 71728 63368 96345 76638 11463 24964 13012
80 17
37071 46553 80494 5458 96007 81956 94117 22662 13772 17457 92650 12030 96285 67483 46439 95825 37356
196 10
90527 21560 66180 13141 89215 22238 49095 83139 33435 5115
57 15
65665 14344 4593 73651 28989 38013 51330 94422 8335 64713 45617 15748 86607 8238 61102
107 14
48205 82899 11429 52031 61850 79550 2626 321 13672 11806 18315 92509 50847 33607
98 19
42700 4622 70163 72853 13795 73377 55650 3001 6464 12862 6296 96616 74203 63141 46925 64688 91507 26827 13143
189 20
19050 59556 82215 19259 66236 50049 86126 97539 67725 88865 97186 83098 75804 35951 558 93551 46361 71241 25200 81063
38 15
97654 10335 45134 21768 734 51190 92416 61902 96167 40728 8915 21305 42521 5620 40183
110 14
55957 58455 34514 73627 60416 18974 58432 18543 12100 56354 7453 89159 58343 88693
32 10
34352 80734 90270 20014 93731 50751 97929 60474 41228 38606
195 16
14697 43280 60511 73457 78174 69838 36881 17296 53204 78693 78761 78402 27035 12114 20739 40808
173 15
94245 26205 55434 56740 38423 29838 27094 61914 33992 58050 39340 9252 17147 10732 42684
181 12
94684 73019 9526 33637 704 88702 66738 45774 72058 97164 8538 50000
142 10
72905 44876 69776 29870 27708 70926 23765 25320 52504 41397
22 12
44960 22817 82315 28374 92610 72092 61262 93602 52246 2491 75945 82744
99 19
81800 95493 26285 13297 3811 72002 29369 25149 18402 26327 31486 67664 50722 86942 3713 60018 89918 82110 44803
179 13
26311 61334 21760 19539 47874 19312 58435 83024 72636 90244 2129 98043 34322
146 20
93095 99600 49939 25537 92092 74324 14602 59044 73303 59664 78738 98354 88980 32080 75714 73002 90250 32433 55777 31293
43 14
39292 40922 34357 5579 1300 17070 84667 54371 80189 28951 84351 76079 85041 12029
69 13
68154 92147 52387 65739 5808 61389 11810 86023 61912 84681 51531 24952 35067
153 10
87655 16176 12029 52957 20927 85745 52612 79354 14383 47900
152 15
19748 42955 79562 43075 97066 20883 7397 99881 53098 94552 2597 54813 45217 52014 6495
112 14
41284 44301 70867 77268 63369 91132 52160 80378 11114 72141 57312 80573 17832 41452
37 15
75287 56840 87774 72136 48474 5214 84584 35308 51214 23993 47505 72497 49544 45921 27304
150 15
78811 17962 16788 4579 96450 96729 47914 81884 16000 33273 48953 57972 7834 93103 63625
164 20
45825 53669 62079 2451 26313 2822 17900 55460 2908 78121 705 16202 72856 26042 72740 42814 34476 3057 57605 50070
108 12
56137 78876 69831 41571 8632 40746 14480 24025 40430 32057 78709 8220
130 11
92828 15660 74051 78772 83421 67453 18406 78198 23705 87349 52276
77 16
11143 3940 26220 56177 11920 96432 44790 95141 69743 65743 81909 73982 94272 45201 79616 70261
151 19
32877 96716 51485 45838 7135 8997 77181 51752 65393 88713 3581 38722 71319 90385 52988 80806 79395 4080 71380
131 17
10950 28985 85533 72683 79822 72352 34517 93985 34978 10523 6272 46392 71666 24483 39690 76953 56828
139 15
29872 59816 35989 7340 54397 4884 78308 56343 4072 2234 87626 46684 34165 12298 59516
121 13
19182 70547 94287 49864 74932 10942 7974 33377 82704 43329 55971 51179 11099
8 12
29784 47723 6488 16557 82683 28843 26670 44699 53591 71854 55075 9995
61 16
74641 26630 270 81777 91850 38128 17897 26401 99911 22628 10448 30734 83635 91434 4280 78493
88 20
64710 9925 96717 85299 71517 16584 2478 28074 83687 26920 42841 13921 92257 87879 8235 95943 30039 15842 83567 16004
169 16
88125 69006 83015 41858 79875 16510 89528 11989 82712 98095 25353 24116 34351 6516 80122 64322
50 13
29395 41246 84778 18611 68416 17550 61638 25630 10110 75002 42774 39797 16855
201 14
45238 9003 16015 71506 41939 43702 10122 71461 37292 22782 36432 55418 59402 97865
117 12
67040 5922 77801 1511 25033 47988 60073 650 77041 77334 84600 70006
10 10
77591 24649 12532 25447 2967 36199 40578 42576 38822 14256
92 10
33545 37274 42710 73669 57354 23932 9131 20672 76538 87154
9 19
35949 15538 18888 91115 95375 90178 75171 83380 38744 64402 23584 32264 72742 73654 67053 51373 21205 31528 83907
132 16
92607 18120 48109 56677 92123 31805 18058 93114 56716 29668 28635 74613 92316 79832 45033 10227
135 11
30895 35987 59512 10386 92939 62166 54535 60779 3207 29083 5639
